0
0
1
1
1
1
1
0
1
1
1
0
0
1
0
1
1
1
1
1
1
0
1
1
1
0
1
1
0
1
1
0
1
1
1
1
0
0
1
1
1
1
0
2
0
0
0
0
0
0
1
0
0
3
2
0
2
2
3
2
2
3
2
3
2
2
3
3
2
3
2
2
2
3
3
2
2
3
2
2
2
3
2
3
3
2
2
2
2
3
2
2
0
2
0
3
2
3
2
2
2
2
0
0
2
2
2
3
2
2
3
3
3
2
3
2
3
3
3
2
2
3
0
2
2
3
0
0
2
3
3
3
0
0
0
0
0
0
0
0
2
2
0
4
4
4
4
4
4
4
4
4
4
4
4
4
4
4
4
4
4
4
4
4
4
5
5
5
0
0
0
5
5
5
5
5
5
5
5
5
5
0
5
5
5
5
6
6
6
6
6
6
6
6
6
6
6
6
6
6
6
6
6
6
7
7
7
7
5
5
5
5
5
5
5
5
5
5
5
5
5
5
5
5
5
5
0
5
5
5
5
5
5
5
7
7
7
7
7
7
7
7
7
7
7
7
7
7
7
7
7
0
7
0
0
8
8
8
8
8
8
8
8
8
8
8
8
8
8
8
8
8
8
8
8
8
8
8
8
8
8
8
0
8
8
8
8
8
0
5
0
0
0
7
7
0
0
4
4
4
4
4
0
7
7
7
7
7
7
7
7
7
7
7
7
7
7
7
7
7
7
7
7
7
9
9
9
9
9
9
9
9
9
9
9
9
9
9
9
9
9
9
9
9
9
9
9
9
9
9
9
9
0
9
0
0
10
0
0
0
0
0
10
0
0
0
0
0
10
10
10
10
0
0
0
0
0
0
10
10
10
10
10
10
10
10
10
10
10
10
10
10
10
10
10
10
10
10
10
10
11
0
0
11
11
11
11
11
0
11
0
11
11
11
11
11
11
0
11
11
11
0
0
11
0
0
11
0
11
11
11
11
0
11
0
0
0
11
0
11
11
11
11
0
11
11
0
0
0
0
0
0
0
0
0
0
12
12
12
12
12
12
13
13
13
13
13
13
13
13
13
13
13
13
13
13
13
13
13
13
13
13
13
13
13
13
12
12
12
12
12
12
12
12
12
12
14
14
14
14
14
14
14
14
14
14
14
14
14
14
14
14
14
14
14
14
14
0
14
14
14
14
14
14
14
14
14
14
14
13
0
0
0
0
0
0
0
0
12
12
12
12
12
13
